[IMG_20170723_151409_HDR.jpg]
filters=finetune2=1,0.017544,0.000000,0.117895,00000000,0.614035;Boost=1,19.298244;
moddate=80e85315c830d401
width=4160
height=3120
textactive=0
